[MAIN]
job=Diosi2d
inFilename=RDRG_Steady_FG.test
quiet=false
timing=false
[SCATTERXD]
dimensions=2
isFullGrid=true
isTrans=false
isPrintEdge=true
isPrintWavefunc=true
isPrintLocalDensity=true
isPrintDriftVelocity=true
isPrintLocalTemperature=true
isIsothermal=false
isLinearizedCollision=false
period=1000
sortperiod=1000
printwavefuncperiod=1000
printperiod=1000
k=0.0005
h1=0.03141592650
h2=0.03141592650
xi1=-3.141592650
xf1=3.141592650
xi2=-3.141592650
xf2=3.141592650
Tf=10.5
trans_x0=0.0
x01=0.0
x02=1.0
a1=0.0
a2=0.27397260274
hb=1
m=1.0
gamma=1.0
kb=1.0
temp=0.27397260274
TolH=1e-3
TolL=1e-2
TolHd=1e-2
TolLd=1e-1
ExReduce=1
ExLimit=3

